-6406.0
-6350.0
-5778.0
-6413.0
-5535.0
-6352.0
-6202.0
-5944.0
-5759.0
-6672.0
-5361.0
-6535.0
-5633.0
-6811.0
-5439.0
-5503.0
-5025.0
-6706.0
-3338.0
-5542.0
-6756.0
-3771.0
-3968.0
-3996.0
-6041.0
-3399.0
-4540.0
-5135.0
-3410.0
-4062.0
-4189.0
-3664.0
-4317.0
-3867.0
-3759.0
-5822.0
-3448.0
-4010.0
-3634.0
-4521.0
-3854.0
-3612.0
-3077.0
-3844.0
-4931.0
-3256.0
-2723.0
-2261.0
-3955.0
-3396.0
-3754.0
-3149.0
-4463.0
-2449.0
-4752.0
-2338.0
-5035.0
-2715.0
-3039.0
-3137.0
-3149.0
-2559.0
-1928.0
-2540.0
-3096.0
-2813.0
-2925.0
-2600.0
-2608.0
-2448.0
-2219.0
-2157.0
-2058.0
-2874.0
-2491.0
-2398.0
-2036.0
-2583.0
-2259.0
-1933.0
-2356.0
-2336.0
-1917.0
-2156.0
-2304.0
-2465.0
-2430.0
-2243.0
-1647.0
-1844.0
-2224.0
-1274.0
-2215.0
-2103.0
-2096.0
-1608.0
-1833.0
-2018.0
-2438.0
-1586.0
-1822.0
-2088.0
-1551.0
-1748.0
-1823.0
-2297.0
-1416.0
-1457.0
-1245.0
-1860.0
-1647.0
-1467.0
-1411.0
-1310.0
-2142.0
-1369.0
-1292.0
-1471.0
-1345.0
-1377.0
-1268.0
-1114.0
-1326.0
-1257.0
-1138.0
