10813
11021
9843
10997
9483
10731
9976
10002
10330
11425
9510
11063
10143
12512
9655
9993
8785
11698
6755
9211
11654
6962
9390
7891
10936
7004
8142
8402
6346
7349
7977
7056
8519
8469
6883
11546
7237
8355
7159
15413
6885
7193
6530
7299
9586
6940
5701
5316
8527
6893
7424
6415
9041
5764
12811
5262
14244
6006
6384
6551
8146
5990
4956
5653
6093
5769
6402
5940
6278
5928
5150
4775
5191
6540
5621
5534
5117
6990
5358
5074
5864
6054
5425
5349
6124
8914
7790
5818
4618
5043
5887
5014
5224
7303
5235
4652
4648
5206
9905
4767
5474
8743
5191
5159
4799
7526
4849
4564
4159
8998
4405
4537
4737
4678
7583
5834
5460
4849
4610
4381
3988
4335
4514
4060
4120
