3.0036111111111112
3.0613888888888887
2.734166666666667
3.0547222222222223
2.6341666666666668
2.9808333333333334
2.7711111111111113
2.7783333333333333
2.8694444444444445
3.173611111111111
2.6416666666666666
3.0730555555555554
2.8175
3.4755555555555557
2.6819444444444445
2.7758333333333334
2.4402777777777778
3.2494444444444444
1.8763888888888889
2.558611111111111
3.237222222222222
1.933888888888889
2.6083333333333334
2.1919444444444443
3.037777777777778
1.9455555555555555
2.2616666666666667
2.3338888888888887
1.7627777777777778
2.0413888888888887
2.2158333333333333
1.96
2.366388888888889
2.3525
1.9119444444444444
3.207222222222222
2.0102777777777776
2.3208333333333333
1.988611111111111
4.2813888888888885
1.9125
1.9980555555555555
1.8138888888888889
2.0275
2.662777777777778
1.9277777777777778
1.583611111111111
1.4766666666666666
2.368611111111111
1.9147222222222222
2.062222222222222
1.7819444444444446
2.511388888888889
1.6011111111111112
3.558611111111111
1.4616666666666667
3.9566666666666666
1.6683333333333332
1.7733333333333334
1.8197222222222222
2.262777777777778
1.663888888888889
1.3766666666666667
1.5702777777777779
1.6925
1.6025
1.7783333333333333
1.65
1.7438888888888888
1.6466666666666667
1.4305555555555556
1.3263888888888888
1.4419444444444445
1.8166666666666667
1.561388888888889
1.5372222222222223
1.4213888888888888
1.9416666666666667
1.4883333333333333
1.4094444444444445
1.6288888888888888
1.6816666666666666
1.5069444444444444
1.4858333333333333
1.701111111111111
2.476111111111111
2.1638888888888888
1.616111111111111
1.2827777777777778
1.4008333333333334
1.6352777777777778
1.3927777777777777
1.451111111111111
2.028611111111111
1.4541666666666666
1.2922222222222222
1.291111111111111
1.4461111111111111
2.751388888888889
1.3241666666666667
1.5205555555555557
2.428611111111111
1.4419444444444445
1.4330555555555555
1.3330555555555557
2.0905555555555555
1.3469444444444445
1.2677777777777777
1.1552777777777778
2.4994444444444444
1.2236111111111112
1.2602777777777778
1.3158333333333334
1.2994444444444444
2.106388888888889
1.6205555555555555
1.5166666666666666
1.3469444444444445
1.2805555555555554
1.2169444444444444
1.1077777777777778
1.2041666666666666
1.2538888888888888
1.1277777777777778
1.1444444444444444
