-4205.0
-7998.0
-5517.0
-8102.0
-8961.0
-7492.0
-4733.0
-5587.0
-6112.0
-6392.0
-4554.0
-4265.0
-7322.0
-5737.0
-5354.0
-4336.0
-3952.0
-3399.0
-4037.0
-4664.0
-3293.0
-3266.0
-10218.0
-4111.0
-5798.0
-3619.0
-2449.0
-4526.0
-3557.0
-3369.0
-4665.0
-3568.0
-4197.0
-2929.0
-2570.0
-5348.0
-3272.0
-3025.0
-2872.0
-3994.0
-2758.0
-2039.0
-4105.0
-2151.0
-2517.0
-2910.0
-3766.0
-1669.0
-2365.0
-2361.0
-1697.0
-2255.0
-2102.0
-3299.0
-4389.0
-1963.0
-1740.0
-2162.0
-1918.0
-1767.0
-5477.0
-1601.0
-1841.0
-2007.0
-1930.0
-1883.0
-1479.0
-1565.0
-1634.0
-1852.0
-1879.0
-1752.0
-2062.0
-1616.0
-1393.0
