4.559444444444445
7.467777777777778
6.368888888888889
8.177777777777777
8.707777777777778
7.5344444444444445
4.7572222222222225
5.526111111111111
7.458888888888889
6.589444444444444
5.472222222222222
4.301666666666667
7.352777777777778
5.792777777777777
6.220555555555555
5.126666666666667
3.9655555555555555
4.128888888888889
3.758888888888889
5.307222222222222
3.9483333333333333
3.918888888888889
11.262777777777778
5.157222222222222
6.280555555555556
4.528888888888889
3.387777777777778
4.677777777777778
3.903888888888889
3.948888888888889
4.794444444444444
4.216111111111111
4.985555555555556
3.443888888888889
4.101111111111111
7.998888888888889
4.167222222222223
3.6294444444444443
4.151666666666666
8.34388888888889
3.3338888888888887
3.037777777777778
4.433888888888889
2.9966666666666666
3.691666666666667
3.4988888888888887
4.312222222222222
2.6794444444444445
3.2305555555555556
3.155
2.848333333333333
3.6155555555555554
3.0716666666666668
4.746111111111111
8.205555555555556
3.1327777777777777
2.892777777777778
3.7327777777777778
2.8866666666666667
2.9427777777777777
7.033333333333333
3.2333333333333334
3.028888888888889
2.8183333333333334
2.8844444444444446
2.9994444444444444
2.5722222222222224
2.4655555555555555
2.272222222222222
3.3455555555555554
3.1133333333333333
3.09
2.707222222222222
2.7616666666666667
2.3033333333333332
