10576
9275
12259
12120
8934
8539
10921
8979
8681
10661
9535
8424
8071
7659
8724
8568
11703
7487
7776
8927
8766
6788
8604
6853
7970
8106
7242
7911
8792
8128
6088
7082
7451
7153
7015
7583
7639
7103
7498
9675
7411
8219
6485
7572
7078
8077
6052
7418
7293
7151
6190
6893
6804
7566
6716
5718
7239
5808
6619
6642
6697
6502
6102
5857
5769
6261
5835
6420
6465
5894
5569
5758
5549
5737
5576
5963
5883
5403
5507
5555
8494
5633
5790
4980
5651
6323
6431
4793
4674
6615
5575
5338
4992
6386
4377
6092
4875
5795
5747
5399
5112
6187
5152
5248
4634
5839
5006
4212
5094
6047
4493
5068
4398
5011
5518
4887
4607
5923
4716
4261
4753
4980
5033
4764
4369
4276
5566
4373
4949
4189
4390
5479
4307
3928
4058
4111
3982
4042
4174
3974
5079
4088
4278
4394
4178
4079
4199
3752
3654
4125
