-7162.0
-5743.0
-8687.0
-8398.0
-5797.0
-5525.0
-7317.0
-5847.0
-5701.0
-6779.0
-6281.0
-5305.0
-5098.0
-4644.0
-5293.0
-5553.0
-8200.0
-4340.0
-4656.0
-5659.0
-5232.0
-3927.0
-4721.0
-4032.0
-5128.0
-4983.0
-4246.0
-4897.0
-5438.0
-4898.0
-3243.0
-4151.0
-4539.0
-4073.0
-4077.0
-4072.0
-4410.0
-4106.0
-4284.0
-4994.0
-4008.0
-4983.0
-3697.0
-4473.0
-4103.0
-4815.0
-3215.0
-4402.0
-4027.0
-4325.0
-3342.0
-3858.0
-3684.0
-4257.0
-3164.0
-2914.0
-3560.0
-2858.0
-3598.0
-3594.0
-3130.0
-3498.0
-3176.0
-3112.0
-2889.0
-3308.0
-3145.0
-3352.0
-3324.0
-3118.0
-2829.0
-2833.0
-2719.0
-3108.0
-2773.0
-2872.0
-2942.0
-2555.0
-2643.0
-2679.0
-4408.0
-2732.0
-2906.0
-2232.0
-2431.0
-2621.0
-2950.0
-2119.0
-2115.0
-3554.0
-2567.0
-2430.0
-2414.0
-2880.0
-1852.0
-2920.0
-2181.0
-2921.0
-2183.0
-2520.0
-2331.0
-2628.0
-2080.0
-2114.0
-2000.0
-2079.0
-2174.0
-1691.0
-2116.0
-2393.0
-2016.0
-2057.0
-1703.0
-2363.0
-2113.0
-2175.0
-1853.0
-2455.0
-1971.0
-1809.0
-1905.0
-2144.0
-1946.0
-2138.0
-1955.0
-1725.0
-2168.0
-1861.0
-1845.0
-1506.0
-1632.0
-1997.0
-1626.0
-1292.0
-1482.0
-1429.0
-1336.0
-1376.0
-1541.0
-1432.0
-1796.0
-1438.0
-1670.0
-1494.0
-1348.0
-1296.0
-1327.0
-1257.0
-1229.0
-1488.0
