1.468888888888889
1.2881944444444444
1.7026388888888888
1.6833333333333333
1.2408333333333332
1.1859722222222222
1.5168055555555555
1.2470833333333333
1.2056944444444444
1.4806944444444445
1.3243055555555556
1.17
1.1209722222222223
1.06375
1.2116666666666667
1.19
1.6254166666666667
1.0398611111111111
1.08
1.239861111111111
1.2175
0.9427777777777778
1.195
0.9518055555555556
1.1069444444444445
1.1258333333333332
1.0058333333333334
1.09875
1.221111111111111
1.1288888888888888
0.8455555555555555
0.9836111111111111
1.034861111111111
0.9934722222222222
0.9743055555555555
1.0531944444444445
1.0609722222222222
0.9865277777777778
1.041388888888889
1.34375
1.0293055555555555
1.1415277777777777
0.9006944444444445
1.0516666666666667
0.9830555555555556
1.1218055555555555
0.8405555555555555
1.0302777777777778
1.0129166666666667
0.9931944444444445
0.8597222222222223
0.9573611111111111
0.945
1.0508333333333333
0.9327777777777778
0.7941666666666667
1.0054166666666666
0.8066666666666666
0.9193055555555556
0.9225
0.9301388888888888
0.9030555555555555
0.8475
0.8134722222222223
0.80125
0.8695833333333334
0.8104166666666667
0.8916666666666667
0.8979166666666667
0.8186111111111111
0.7734722222222222
0.7997222222222222
0.7706944444444445
0.7968055555555555
0.7744444444444445
0.8281944444444445
0.8170833333333334
0.7504166666666666
0.7648611111111111
0.7715277777777778
1.1797222222222221
0.7823611111111111
0.8041666666666667
0.6916666666666667
0.7848611111111111
0.8781944444444445
0.8931944444444444
0.6656944444444445
0.6491666666666667
0.91875
0.7743055555555556
0.7413888888888889
0.6933333333333334
0.8869444444444444
0.6079166666666667
0.8461111111111111
0.6770833333333334
0.8048611111111111
0.7981944444444444
0.7498611111111111
0.71
0.8593055555555555
0.7155555555555555
0.7288888888888889
0.6436111111111111
0.8109722222222222
0.6952777777777778
0.585
0.7075
0.8398611111111111
0.6240277777777777
0.7038888888888889
0.6108333333333333
0.6959722222222222
0.7663888888888889
0.67875
0.6398611111111111
0.8226388888888889
0.655
0.5918055555555556
0.6601388888888889
0.6916666666666667
0.6990277777777778
0.6616666666666666
0.6068055555555556
0.5938888888888889
0.7730555555555556
0.6073611111111111
0.6873611111111111
0.5818055555555556
0.6097222222222223
0.7609722222222223
0.5981944444444445
0.5455555555555556
0.5636111111111111
0.5709722222222222
0.5530555555555555
0.5613888888888889
0.5797222222222222
0.5519444444444445
0.7054166666666667
0.5677777777777778
0.5941666666666666
0.6102777777777778
0.5802777777777778
0.5665277777777777
0.5831944444444445
0.5211111111111111
0.5075
0.5729166666666666
