15.027777777777779
26.23611111111111
17.99
14.648333333333333
9.14
14.521666666666667
9.462222222222222
11.900555555555556
13.831111111111111
14.018333333333333
24.031666666666666
12.09
12.707777777777778
14.93388888888889
12.271666666666667
10.737777777777778
12.195555555555556
14.331111111111111
9.766666666666667
9.70111111111111
10.451666666666666
13.279444444444444
22.026666666666667
14.216666666666667
12.251111111111111
12.185555555555556
11.918333333333333
9.38111111111111
9.648333333333333
10.223888888888888
8.219444444444445
14.005
8.525555555555556
9.455
9.831111111111111
23.22833333333333
14.057777777777778
9.448888888888888
15.314444444444444
24.270555555555557
8.745
10.168333333333333
9.719444444444445
10.598333333333333
13.107777777777779
8.894444444444444
7.5616666666666665
9.661666666666667
9.976666666666667
9.396666666666667
15.546111111111111
7.456111111111111
7.623888888888889
14.907222222222222
24.726111111111113
8.100555555555555
24.067777777777778
9.570555555555556
12.24611111111111
8.87
24.541666666666668
9.303333333333333
9.358333333333333
8.703888888888889
11.368333333333334
9.50611111111111
9.956666666666667
8.247222222222222
8.352222222222222
7.083333333333333
8.322222222222223
8.741666666666667
9.702222222222222
6.516111111111111
7.541111111111111
7.195555555555556
7.801111111111111
9.751111111111111
9.851666666666667
7.4927777777777775
14.12
7.385
6.267222222222222
8.403888888888888
9.598333333333333
19.826666666666668
20.25611111111111
7.546111111111111
6.995
7.9783333333333335
7.471111111111111
7.095555555555555
7.391666666666667
20.234444444444446
6.747222222222222
9.01388888888889
5.7588888888888885
6.723333333333334
16.295
7.685555555555555
