-12090.0
-27423.0
-16517.0
-8316.0
-8018.0
-12694.0
-7736.0
-7485.0
-10745.0
-8353.0
-21326.0
-9874.0
-7689.0
-10129.0
-8790.0
-7720.0
-7674.0
-6435.0
-7145.0
-5107.0
-5600.0
-9603.0
-11555.0
-6611.0
-9636.0
-9810.0
-6783.0
-7789.0
-6878.0
-6773.0
-5701.0
-12384.0
-6308.0
-5813.0
-6201.0
-9876.0
-7207.0
-4758.0
-12690.0
-10776.0
-4640.0
-7145.0
-5948.0
-6725.0
-7408.0
-6079.0
-6036.0
-5421.0
-5819.0
-6583.0
-8423.0
-4909.0
-5970.0
-9362.0
-19079.0
-4643.0
-7874.0
-5943.0
-7204.0
-4598.0
-11766.0
-5974.0
-7123.0
-4489.0
-8694.0
-5472.0
-7105.0
-4894.0
-4660.0
-3964.0
-4875.0
-5977.0
-5019.0
-3708.0
-4438.0
-3175.0
-4617.0
-4951.0
-5191.0
-4029.0
-7115.0
-4194.0
-3945.0
-4512.0
-4327.0
-8754.0
-6784.0
-3417.0
-3825.0
-3827.0
-4556.0
-3580.0
-3521.0
-11392.0
-3009.0
-4016.0
-3532.0
-3621.0
-6397.0
-3279.0
