27050
47225
32382
26367
16452
26139
17032
21421
24896
25233
43257
21762
22874
26881
22089
19328
21952
25796
17580
17462
18813
23903
39648
25590
22052
21934
21453
16886
17367
18403
14795
25209
15346
17019
17696
41811
25304
17008
27566
43687
15741
18303
17495
19077
23594
16010
13611
17391
17958
16914
27983
13421
13723
26833
44507
14581
43322
17227
22043
15966
44175
16746
16845
15667
20463
17111
17922
14845
15034
12750
14980
15735
17464
11729
13574
12952
14042
17552
17733
13487
25416
13293
11281
15127
17277
35688
36461
13583
12591
14361
13448
12772
13305
36422
12145
16225
10366
12102
29331
13834
