6.502777777777778
9.218333333333334
6.071666666666666
8.713333333333333
6.194444444444445
7.599444444444444
8.312777777777777
5.573333333333333
5.301111111111111
6.605
7.278333333333333
5.791111111111111
6.434444444444445
5.420555555555556
7.9688888888888885
4.453333333333333
12.181111111111111
7.991666666666666
5.135
7.887777777777778
5.795555555555556
3.733888888888889
27.67222222222222
7.395555555555555
8.256666666666666
6.972777777777778
6.851666666666667
6.18
5.652222222222222
4.405555555555556
7.4783333333333335
4.222222222222222
7.771111111111111
5.872777777777777
5.502222222222223
8.367222222222223
6.67
6.979444444444445
7.036666666666667
10.166666666666666
4.375555555555556
8.51
5.973333333333334
7.892777777777778
5.530555555555556
5.425
5.157777777777778
4.508333333333334
4.223333333333334
5.423333333333333
10.149444444444445
5.383333333333334
5.488888888888889
9.528333333333334
13.721666666666666
5.377777777777778
4.9527777777777775
5.656666666666666
4.6194444444444445
4.153888888888889
8.157777777777778
6.136111111111111
4.769444444444445
8.084444444444445
3.986666666666667
5.321111111111111
4.601666666666667
6.153333333333333
4.918888888888889
6.605555555555555
4.392222222222222
6.7588888888888885
5.001111111111111
5.039444444444444
4.1738888888888885
6.4494444444444445
4.696666666666666
8.815555555555555
4.722777777777778
5.535
6.240555555555556
4.487222222222222
10.783333333333333
4.612777777777778
5.543333333333333
12.168888888888889
5.201666666666667
4.521111111111111
5.607777777777778
4.3966666666666665
3.605
4.657777777777778
3.712222222222222
11.051111111111112
5.981111111111111
5.247777777777777
8.889444444444445
3.9694444444444446
8.535555555555556
4.519444444444445
