-7404.0
-10499.0
-5016.0
-8461.0
-6084.0
-7604.0
-8594.0
-5773.0
-4450.0
-7019.0
-8631.0
-5843.0
-5906.0
-5472.0
-7667.0
-4053.0
-11977.0
-7759.0
-4723.0
-7084.0
-5575.0
-2896.0
-31176.0
-7539.0
-7749.0
-6297.0
-5214.0
-5728.0
-5624.0
-3732.0
-7715.0
-3690.0
-7029.0
-6562.0
-4955.0
-4558.0
-5992.0
-7652.0
-5282.0
-7935.0
-4180.0
-7652.0
-6997.0
-7762.0
-6079.0
-4531.0
-5145.0
-4128.0
-3667.0
-5140.0
-10631.0
-4182.0
-5591.0
-8838.0
-10785.0
-5488.0
-3931.0
-5345.0
-4668.0
-3680.0
-4769.0
-4936.0
-4119.0
-9491.0
-3272.0
-5211.0
-4190.0
-5960.0
-4902.0
-6289.0
-3759.0
-6937.0
-4416.0
-4576.0
-3829.0
-6128.0
-3858.0
-7520.0
-4903.0
-5255.0
-4620.0
-4156.0
-12377.0
-3847.0
-6103.0
-11249.0
-4764.0
-3750.0
-6115.0
-4267.0
-3020.0
-4510.0
-3233.0
-8080.0
-5548.0
-4522.0
-8675.0
-3368.0
-3741.0
-3686.0
