11705
16593
10929
15684
11150
13679
14963
10032
9542
11889
13101
10424
11582
9757
14344
8016
21926
14385
9243
14198
10432
6721
49810
13312
14862
12551
12333
11124
10174
7930
13461
7600
13988
10571
9904
15061
12006
12563
12666
18300
7876
15318
10752
14207
9955
9765
9284
8115
7602
9762
18269
9690
9880
17151
24699
9680
8915
10182
8315
7477
14684
11045
8585
14552
7176
9578
8283
11076
8854
11890
7906
12166
9002
9071
7513
11609
8454
15868
8501
9963
11233
8077
19410
8303
9978
21904
9363
8138
10094
7914
6489
8384
6682
19892
10766
9446
16001
7145
15364
8135
